Название,"Цена, руб.",Год выпуска,"Пробег, км.",Кузов,Цвет,"Объем двигателя, л.","Мощность двигателя, л/с",Двигатель,"Налог, руб.",Коробка передач,Руль,Состояние,Число владельцев,ПТС,Таможня,URL адрес
Kia Cerato III Рестайлинг (Classic),1095000,2018,86000,седан,серый,2.0,150,Бензин,5250,автоматическая,Левый,Не требует ремонта,1 владелец,Оригинал,Растаможен,https://auto.ru/cars/used/sale/kia/cerato/1103451815-ff26e504/
Kia Cerato III,800000,2014,100480,седан,красный,1.6,130,Бензин,3250,автоматическая,Левый,Не требует ремонта,1 владелец,Оригинал,Растаможен,https://auto.ru/cars/used/sale/kia/cerato/1103081995-008390f3/
Kia Cerato III Рестайлинг (Classic),1095000,2017,54000,седан,белый,2.0,150,Бензин,5250,автоматическая,Левый,Не требует ремонта,1 владелец,Оригинал,Растаможен,https://auto.ru/cars/used/sale/kia/cerato/1103543505-e2eef880/
Kia Cerato IV,1599000,2020,11000,седан,чёрный,2.0,150,Бензин,5100,автоматическая,Левый,Не требует ремонта,1 владелец,Оригинал,Растаможен,https://auto.ru/cars/used/sale/kia/cerato/1103756635-f56b21ff/
Kia Cerato III,569000,2013,151000,седан,бежевый,1.6,130,Бензин,4550,механическая,Левый,Не требует ремонта,2 владельца,Оригинал,Растаможен,https://auto.ru/cars/used/sale/kia/cerato/1103108537-2eeb6a57/
Kia Cerato III,825000,2014,94000,седан,чёрный,2.0,150,Бензин,5250,автоматическая,Левый,Не требует ремонта,3 или более,Оригинал,Растаможен,https://auto.ru/cars/used/sale/kia/cerato/1103705551-fbfaa8bc/
Kia Cerato IV,1490000,2019,13276,седан,белый,2.0,150,Бензин,5250,автоматическая,Левый,Не требует ремонта,1 владелец,Оригинал,Растаможен,https://auto.ru/cars/used/sale/kia/cerato/1103743230-c3d5507e/
Kia Cerato II,589000,2010,91000,седан,голубой,1.6,126,Бензин,4410,автоматическая,Левый,Не требует ремонта,1 владелец,Оригинал,Растаможен,https://auto.ru/cars/used/sale/kia/cerato/1103640288-f27f63f9/
Kia Cerato II,690000,2010,144030,купе,чёрный,1.6,126,Бензин,4410,автоматическая,Левый,Не требует ремонта,3 или более,Оригинал,Растаможен,https://auto.ru/cars/used/sale/kia/cerato/1103683631-d51e3fae/
Kia Cerato IV,1499000,2020,22000,седан,белый,1.6,128,Бензин,4480,автоматическая,Левый,Не требует ремонта,1 владелец,Оригинал,Растаможен,https://auto.ru/cars/used/sale/kia/cerato/1103761793-547058d4/
Kia Cerato III Рестайлинг (Classic),1145510,2018,69853,седан,синий,2.0,150,Бензин,5250,автоматическая,Левый,Не требует ремонта,1 владелец,Оригинал,Растаможен,https://auto.ru/cars/used/sale/kia/cerato/1103067781-100d59eb/
Kia Cerato II,435000,2010,119977,седан,серый,1.6,126,Бензин,4410,механическая,Левый,Не требует ремонта,3 или более,Оригинал,Растаможен,https://auto.ru/cars/used/sale/kia/cerato/1103677113-334282c1/
Kia Cerato III Рестайлинг (Classic),1389000,2019,12962,седан,коричневый,2.0,150,Бензин,5250,автоматическая,Левый,Не требует ремонта,1 владелец,Оригинал,Растаможен,https://auto.ru/cars/used/sale/kia/cerato/1103750162-249f4bbd/
,,2019,29999,седан,белый,1.6,130,Бензин,4550,автоматическая,Левый,Не требует ремонта,1 владелец,Оригинал,Растаможен,https://auto.ru/cars/used/sale/kia/cerato/1101962710-6927b8d3/
Kia Cerato II,750000,2011,91852,седан,белый,2.0,150,Бензин,5250,автоматическая,Левый,Не требует ремонта,1 владелец,Оригинал,Растаможен,https://auto.ru/cars/used/sale/kia/cerato/1103649133-0fb2d71a/
Kia Cerato II,670000,2013,163577,седан,серебристый,1.6,126,Бензин,4410,автоматическая,Левый,Не требует ремонта,1 владелец,Оригинал,Растаможен,https://auto.ru/cars/used/sale/kia/cerato/1103758182-c02edf03/
Kia Cerato II,487000,2012,224000,седан,чёрный,1.6,126,Бензин,4410,механическая,Левый,Не требует ремонта,2 владельца,Оригинал,Растаможен,https://auto.ru/cars/used/sale/kia/cerato/1103744071-7f940bbc/
Kia Cerato II,599000,2012,154184,седан,красный,1.6,126,Бензин,4410,автоматическая,Левый,Не требует ремонта,3 или более,Оригинал,Растаможен,https://auto.ru/cars/used/sale/kia/cerato/1103339134-964b64fe/
Kia Cerato III,779000,2014,108000,седан,белый,1.6,130,Бензин,4550,автоматическая,Левый,Не требует ремонта,2 владельца,Оригинал,Растаможен,https://auto.ru/cars/used/sale/kia/cerato/1103569895-29b4eaef/
Kia Cerato III Рестайлинг (Classic),1190000,2017,109114,седан,чёрный,2.0,150,Бензин,5250,автоматическая,Левый,Не требует ремонта,1 владелец,Оригинал,Растаможен,https://auto.ru/cars/used/sale/kia/cerato/1103747676-4f65b633/
Kia Cerato III Рестайлинг (Classic),1210000,2018,49768,седан,белый,2.0,150,Бензин,5250,автоматическая,Левый,Не требует ремонта,1 владелец,Оригинал,Растаможен,https://auto.ru/cars/used/sale/kia/cerato/1103597719-382e5418/
Kia Cerato I Рестайлинг,345000,2007,152000,седан,красный,1.6,122,Бензин,3050,автоматическая,Левый,Не требует ремонта,2 владельца,Оригинал,Растаможен,https://auto.ru/cars/used/sale/kia/cerato/1102531534-b1540139/
Kia Cerato III Рестайлинг (Classic),989000,2017,139512,седан,серый,2.0,150,Бензин,5250,автоматическая,Левый,Не требует ремонта,2 владельца,Дубликат,Растаможен,https://auto.ru/cars/used/sale/kia/cerato/1103735108-f2d66ce0/
Kia Cerato II,529000,2012,91500,седан,серый,1.6,126,Бензин,4410,механическая,Левый,Не требует ремонта,1 владелец,Оригинал,Растаможен,https://auto.ru/cars/used/sale/kia/cerato/1103124700-775427fe/
Kia Cerato I,245000,2004,223000,хэтчбек 5 дв.,голубой,1.6,105,Бензин,2625,механическая,Левый,Не требует ремонта,3 или более,Оригинал,Растаможен,https://auto.ru/cars/used/sale/kia/cerato/1103653955-f928e80b/
Kia Cerato III Рестайлинг (Classic),849000,2018,125918,седан,белый,1.6,130,Бензин,4550,автоматическая,Левый,Не требует ремонта,2 владельца,Оригинал,Растаможен,https://auto.ru/cars/used/sale/kia/cerato/1103252717-906b0c2f/
Kia Cerato III Рестайлинг (Classic),849000,2018,151000,седан,белый,1.6,130,Бензин,4550,механическая,Левый,Не требует ремонта,1 владелец,Оригинал,Растаможен,https://auto.ru/cars/used/sale/kia/cerato/1103631382-e88c41cd/
Kia Cerato II,499000,2010,133190,седан,красный,1.6,126,Бензин,4410,автоматическая,Левый,Не требует ремонта,3 или более,Оригинал,Растаможен,https://auto.ru/cars/used/sale/kia/cerato/1103000730-9825e780/
Kia Cerato III,780000,2015,165539,седан,коричневый,1.6,130,Бензин,4550,автоматическая,Левый,Не требует ремонта,1 владелец,Оригинал,Растаможен,https://auto.ru/cars/used/sale/kia/cerato/1103723640-e6434ba3/
Kia Cerato IV,1165000,2019,45637,седан,серый,1.6,128,Бензин,4480,автоматическая,Левый,Не требует ремонта,3 или более,Оригинал,Растаможен,https://auto.ru/cars/used/sale/kia/cerato/1103710503-45ce5ebf/
Kia Cerato III,730000,2014,155000,седан,серебристый,1.6,130,Бензин,4550,механическая,Левый,Не требует ремонта,1 владелец,Оригинал,Растаможен,https://auto.ru/cars/used/sale/kia/cerato/1103343179-77323d82/
Kia Cerato III,948000,2015,105000,седан,белый,2.0,150,Бензин,5250,автоматическая,Левый,Не требует ремонта,2 владельца,Оригинал,Растаможен,https://auto.ru/cars/used/sale/kia/cerato/1103719258-a50e5d67/
Kia Cerato II,635000,2010,146394,седан,серый,2.0,156,Бензин,7020,автоматическая,Левый,Не требует ремонта,2 владельца,Оригинал,Растаможен,https://auto.ru/cars/used/sale/kia/cerato/1103598345-855fa980/
Kia Cerato III Рестайлинг (Classic),1250000,2019,12911,седан,серебристый,1.6,130,Бензин,4550,автоматическая,Левый,Не требует ремонта,2 владельца,Оригинал,Растаможен,https://auto.ru/cars/used/sale/kia/cerato/1103405828-42928b11/
Kia Cerato III,755000,2013,126957,седан,серый,1.6,130,Бензин,4550,автоматическая,Левый,Не требует ремонта,1 владелец,Оригинал,Растаможен,https://auto.ru/cars/used/sale/kia/cerato/1103399226-277c3726/
Kia Cerato IV,1617000,2020,21416,седан,чёрный,2.0,150,Бензин,5250,автоматическая,Левый,Не требует ремонта,1 владелец,Оригинал,Растаможен,https://auto.ru/cars/used/sale/kia/cerato/1103450819-415b30aa/
Kia Cerato II,694000,2012,112446,седан,белый,1.6,126,Бензин,4410,автоматическая,Левый,Не требует ремонта,1 владелец,Оригинал,Растаможен,https://auto.ru/cars/used/sale/kia/cerato/1103712277-fc7c58e0/
Kia Cerato II,670000,2011,110526,седан,серый,2.0,150,Бензин,5250,автоматическая,Левый,Не требует ремонта,3 или более,Оригинал,Растаможен,https://auto.ru/cars/used/sale/kia/cerato/1103499013-2d5363c7/
Kia Cerato II,580000,2011,191080,седан,голубой,1.6,126,Бензин,4410,автоматическая,Левый,Не требует ремонта,3 или более,Оригинал,Растаможен,https://auto.ru/cars/used/sale/kia/cerato/1103762765-86ffdca4/
Kia Cerato III,699000,2014,137414,седан,чёрный,1.6,130,Бензин,4550,автоматическая,Левый,Не требует ремонта,3 или более,Дубликат,Растаможен,https://auto.ru/cars/used/sale/kia/cerato/1103103461-4430fcde/
Kia Cerato III Рестайлинг (Classic),975000,2018,128000,седан,серебристый,2.0,150,Бензин,5250,автоматическая,Левый,Не требует ремонта,1 владелец,Оригинал,Растаможен,https://auto.ru/cars/used/sale/kia/cerato/1102860316-fbe038bf/
Kia Cerato III Рестайлинг (Classic),1055000,2018,60751,седан,белый,1.6,130,Бензин,4550,автоматическая,Левый,Не требует ремонта,1 владелец,Оригинал,Растаможен,https://auto.ru/cars/used/sale/kia/cerato/1103358093-11a2e9ad/
Kia Cerato III,849000,2015,120311,седан,серый,1.6,130,Бензин,4550,автоматическая,Левый,Не требует ремонта,2 владельца,Оригинал,Растаможен,https://auto.ru/cars/used/sale/kia/cerato/1103702751-ad88a3cb/
Kia Cerato II,565000,2010,155300,купе,серебристый,1.6,126,Бензин,4410,автоматическая,Левый,Не требует ремонта,3 или более,Оригинал,Растаможен,https://auto.ru/cars/used/sale/kia/cerato/1103684727-f05455c9/
Kia Cerato III Рестайлинг (Classic),1095000,2017,54000,седан,белый,2.0,150,Бензин,5250,автоматическая,Левый,Не требует ремонта,1 владелец,Оригинал,Растаможен,https://auto.ru/cars/used/sale/kia/cerato/1103543505-e2eef880/
Kia Cerato III Рестайлинг (Classic),1095000,2018,86000,седан,серый,2.0,150,Бензин,5250,автоматическая,Левый,Не требует ремонта,1 владелец,Оригинал,Растаможен,https://auto.ru/cars/used/sale/kia/cerato/1103451815-ff26e504/
Kia Cerato III Рестайлинг (Classic),1259000,2019,29230,седан,синий,2.0,150,Бензин,5250,автоматическая,Левый,Не требует ремонта,1 владелец,Оригинал,Растаможен,https://auto.ru/cars/used/sale/kia/cerato/1103687332-5abe7a41/
Kia Cerato II,535000,2010,251114,седан,чёрный,1.6,126,Бензин,4410,автоматическая,Левый,Не требует ремонта,1 владелец,Оригинал,Растаможен,https://auto.ru/cars/used/sale/kia/cerato/1103406359-04fd6869/
Kia Cerato IV,1297000,2018,80697,седан,белый,2.0,150,Бензин,5250,автоматическая,Левый,Не требует ремонта,1 владелец,Оригинал,Растаможен,https://auto.ru/cars/used/sale/kia/cerato/1103684769-c0468f1e/
Kia Cerato III Рестайлинг (Classic),1098000,2017,57709,седан,белый,2.0,150,Бензин,5250,автоматическая,Левый,Не требует ремонта,1 владелец,Оригинал,Растаможен,https://auto.ru/cars/used/sale/kia/cerato/1103672867-95347793/
Kia Cerato III,684000,2014,163620,седан,белый,2.0,150,Бензин,5250,автоматическая,Левый,Не требует ремонта,2 владельца,Дубликат,Растаможен,https://auto.ru/cars/used/sale/kia/cerato/1103558175-f0678ab5/
,,2005,297000,хэтчбек 5 дв.,красный,1.6,105,Бензин,3570,механическая,Левый,Не требует ремонта,3 или более,Оригинал,Растаможен,https://auto.ru/cars/used/sale/kia/cerato/1103758355-af8ceda2/
Kia Cerato III,630000,2013,243000,седан,серый,2.0,150,Бензин,5250,автоматическая,Левый,Не требует ремонта,2 владельца,Оригинал,Растаможен,https://auto.ru/cars/used/sale/kia/cerato/1103693583-125671d6/
Kia Cerato III Рестайлинг (Classic),849000,2017,89299,седан,белый,1.6,130,Бензин,4550,механическая,Левый,Не требует ремонта,1 владелец,Оригинал,Растаможен,https://auto.ru/cars/used/sale/kia/cerato/1103010910-b60ea3d6/
Kia Cerato III Рестайлинг (Classic),1050000,2017,110000,седан,серый,2.0,150,Бензин,5250,автоматическая,Левый,Не требует ремонта,1 владелец,Оригинал,Растаможен,https://auto.ru/cars/used/sale/kia/cerato/1103458880-893025e9/
Kia Cerato III Рестайлинг (Classic),975000,2017,123254,седан,чёрный,1.6,130,Бензин,4550,автоматическая,Левый,Не требует ремонта,1 владелец,Оригинал,Растаможен,https://auto.ru/cars/used/sale/kia/cerato/1103277613-27b72ff8/
Kia Cerato III Рестайлинг (Classic),1273000,2019,27000,седан,коричневый,2.0,150,Бензин,5250,автоматическая,Левый,Не требует ремонта,1 владелец,Оригинал,Растаможен,https://auto.ru/cars/used/sale/kia/cerato/1103571041-8b0ee3f7/
Kia Cerato III Рестайлинг (Classic),979000,2017,65000,седан,белый,1.6,130,Бензин,4420,автоматическая,Левый,Не требует ремонта,2 владельца,Оригинал,Растаможен,https://auto.ru/cars/used/sale/kia/cerato/1103677934-e482c0e6/
Kia Cerato III,910000,2015,101490,седан,серебристый,2.0,150,Бензин,5250,автоматическая,Левый,Не требует ремонта,3 или более,Оригинал,Растаможен,https://auto.ru/cars/used/sale/kia/cerato/1103439688-2bd3c772/
Kia Cerato III,652500,2014,201829,седан,белый,1.6,130,Бензин,4550,механическая,Левый,Не требует ремонта,1 владелец,Оригинал,Растаможен,https://auto.ru/cars/used/sale/kia/cerato/1103680004-f5a01dd9/
Kia Cerato IV,1315000,2019,25800,седан,чёрный,1.6,128,Бензин,4480,автоматическая,Левый,Не требует ремонта,1 владелец,Оригинал,Растаможен,https://auto.ru/cars/used/sale/kia/cerato/1103757272-9b896915/
Kia Cerato II,577000,2011,120234,седан,чёрный,1.6,126,Бензин,4410,автоматическая,Левый,Не требует ремонта,2 владельца,Оригинал,Растаможен,https://auto.ru/cars/used/sale/kia/cerato/1103429868-f0f3dfcb/
Kia Cerato III Рестайлинг (Classic),812000,2017,78500,седан,синий,2.0,150,Бензин,5250,автоматическая,Левый,Не требует ремонта,3 или более,Оригинал,Растаможен,https://auto.ru/cars/used/sale/kia/cerato/1103222026-d4ac52f0/
Kia Cerato II,565000,2011,192000,седан,белый,1.6,126,Бензин,4410,автоматическая,Левый,Не требует ремонта,1 владелец,Оригинал,Растаможен,https://auto.ru/cars/used/sale/kia/cerato/1103474189-358e8815/
Kia Cerato IV,1570000,2020,13800,седан,серый,2.0,150,Бензин,5250,автоматическая,Левый,Не требует ремонта,1 владелец,Оригинал,Растаможен,https://auto.ru/cars/used/sale/kia/cerato/1103629880-a233b01e/
Kia Cerato II,562000,2011,215501,седан,коричневый,1.6,126,Бензин,4410,автоматическая,Левый,Не требует ремонта,1 владелец,Оригинал,Растаможен,https://auto.ru/cars/used/sale/kia/cerato/1103499842-722d76e2/
Kia Cerato III,1018000,2016,83000,седан,бежевый,2.0,150,Бензин,5250,автоматическая,Левый,Не требует ремонта,1 владелец,Оригинал,Растаможен,https://auto.ru/cars/used/sale/kia/cerato/1103648963-ce59a20d/
Kia Cerato III Рестайлинг (Classic),1047000,2017,89328,седан,чёрный,1.6,130,Бензин,4550,автоматическая,Левый,Не требует ремонта,1 владелец,Оригинал,Растаможен,https://auto.ru/cars/used/sale/kia/cerato/1103307249-57da0298/
Kia Cerato IV,1545000,2019,11702,седан,серебристый,2.0,150,Бензин,5250,автоматическая,Левый,Не требует ремонта,1 владелец,Оригинал,Растаможен,https://auto.ru/cars/used/sale/kia/cerato/1103468357-7120b777/
Kia Cerato II,371000,2010,377095,седан,коричневый,1.6,126,Бензин,4410,механическая,Левый,Не требует ремонта,3 или более,Оригинал,Растаможен,https://auto.ru/cars/used/sale/kia/cerato/1103151621-76cb163a/
Kia Cerato III Рестайлинг (Classic),1195000,2018,45126,седан,белый,2.0,150,Бензин,5250,автоматическая,Левый,Не требует ремонта,1 владелец,Оригинал,Растаможен,https://auto.ru/cars/used/sale/kia/cerato/1103647330-ddb94103/
Kia Cerato III Рестайлинг (Classic),1300000,2019,33735,седан,серый,2.0,150,Бензин,5250,автоматическая,Левый,Не требует ремонта,1 владелец,Оригинал,Растаможен,https://auto.ru/cars/used/sale/kia/cerato/1103753582-26f58f39/
Kia Cerato IV,1439000,2019,19500,седан,серый,2.0,150,Бензин,5250,автоматическая,Левый,Не требует ремонта,1 владелец,Оригинал,Растаможен,https://auto.ru/cars/used/sale/kia/cerato/1103635565-8a7035c6/
Kia Cerato IV,1160000,2019,65000,седан,белый,1.6,128,Бензин,4480,автоматическая,Левый,Не требует ремонта,1 владелец,Оригинал,Растаможен,https://auto.ru/cars/used/sale/kia/cerato/1103751287-ee28b65d/
Kia Cerato III Рестайлинг (Classic),858000,2017,51452,седан,чёрный,1.6,130,Бензин,4550,механическая,Левый,Не требует ремонта,2 владельца,Оригинал,Растаможен,https://auto.ru/cars/used/sale/kia/cerato/1103631932-f8ba949b/
Kia Cerato I,265000,2005,204000,седан,красный,1.6,105,Бензин,2625,механическая,Левый,Не требует ремонта,3 или более,Оригинал,Растаможен,https://auto.ru/cars/used/sale/kia/cerato/1103620029-abceca33/
Kia Cerato III Рестайлинг (Classic),1190000,2019,32750,седан,белый,2.0,150,Бензин,5250,автоматическая,Левый,Не требует ремонта,1 владелец,Оригинал,Растаможен,https://auto.ru/cars/used/sale/kia/cerato/1103380670-35fdd7e8/
Kia Cerato IV,1169000,2019,44477,седан,серый,1.6,128,Бензин,4480,автоматическая,Левый,Не требует ремонта,2 владельца,Оригинал,Растаможен,https://auto.ru/cars/used/sale/kia/cerato/1103598763-6210564e/
Kia Cerato II,485000,2009,136000,седан,чёрный,1.6,126,Бензин,4410,механическая,Левый,Не требует ремонта,2 владельца,Оригинал,Растаможен,https://auto.ru/cars/used/sale/kia/cerato/1103600695-2c73cd94/
Kia Cerato III Рестайлинг (Classic),1309000,2018,35170,седан,синий,2.0,150,Бензин,5250,автоматическая,Левый,Не требует ремонта,1 владелец,Оригинал,Растаможен,https://auto.ru/cars/used/sale/kia/cerato/1103598286-278a2c69/
Kia Cerato I,249000,2005,262006,седан,серебристый,1.6,105,Бензин,2625,механическая,Левый,Не требует ремонта,3 или более,Дубликат,Растаможен,https://auto.ru/cars/used/sale/kia/cerato/1103591881-16732e3c/
Kia Cerato IV,1050000,2018,95000,седан,белый,2.0,150,Бензин,5250,автоматическая,Левый,Не требует ремонта,1 владелец,Оригинал,Растаможен,https://auto.ru/cars/used/sale/kia/cerato/1103747986-791176cb/
Kia Cerato I Рестайлинг,465000,2007,85350,седан,синий,1.6,122,Бензин,3050,механическая,Левый,Не требует ремонта,1 владелец,Оригинал,Растаможен,https://auto.ru/cars/used/sale/kia/cerato/1103543852-7222b045/
Kia Cerato II,700000,2011,95000,купе,синий,2.0,150,Бензин,5250,автоматическая,Левый,Не требует ремонта,1 владелец,Оригинал,Растаможен,https://auto.ru/cars/used/sale/kia/cerato/1103744186-58cc034a/
Kia Cerato III Рестайлинг (Classic),887000,2016,111991,седан,чёрный,2.0,150,Бензин,5250,автоматическая,Левый,Не требует ремонта,1 владелец,Оригинал,Растаможен,https://auto.ru/cars/used/sale/kia/cerato/1103199654-8a0e1c91/
Kia Cerato II,635000,2010,236398,седан,золотистый,2.0,156,Бензин,7020,автоматическая,Левый,Не требует ремонта,1 владелец,Оригинал,Растаможен,https://auto.ru/cars/used/sale/kia/cerato/1103545473-fab5b16f/
Kia Cerato III,630000,2015,132000,седан,чёрный,1.6,130,Бензин,4550,автоматическая,Левый,Не требует ремонта,3 или более,Оригинал,Растаможен,https://auto.ru/cars/used/sale/kia/cerato/1103640564-1977e4d6/
Kia Cerato IV,1590000,2020,18000,седан,белый,2.0,150,Бензин,5250,автоматическая,Левый,Не требует ремонта,1 владелец,Оригинал,Растаможен,https://auto.ru/cars/used/sale/kia/cerato/1103636098-4b91ce79/
Kia Cerato I,230000,2006,159215,седан,чёрный,1.6,122,Бензин,3050,механическая,Левый,Не требует ремонта,3 или более,Оригинал,Растаможен,https://auto.ru/cars/used/sale/kia/cerato/1103715353-72ecb508/
Kia Cerato III,840000,2014,136000,седан,белый,1.6,130,Бензин,4550,автоматическая,Левый,Не требует ремонта,1 владелец,Оригинал,Растаможен,https://auto.ru/cars/used/sale/kia/cerato/1103745292-7e7d7097/
Kia Cerato III,729000,2013,232270,седан,серебристый,1.6,130,Бензин,4550,автоматическая,Левый,Не требует ремонта,1 владелец,Оригинал,Растаможен,https://auto.ru/cars/used/sale/kia/cerato/1103529205-4efa5c79/
Kia Cerato III Рестайлинг (Classic),995000,2018,50000,седан,чёрный,1.6,130,Бензин,4550,автоматическая,Левый,Не требует ремонта,1 владелец,Оригинал,Растаможен,https://auto.ru/cars/used/sale/kia/cerato/1099837202-c8189983/
Kia Cerato III,835000,2014,74000,седан,синий,2.0,150,Бензин,5250,автоматическая,Левый,Не требует ремонта,2 владельца,Оригинал,Растаможен,https://auto.ru/cars/used/sale/kia/cerato/1080523662-a2e45cfa/
Kia Cerato IV,1399999,2019,26350,седан,серебристый,1.6,128,Бензин,4480,автоматическая,Левый,Не требует ремонта,1 владелец,Оригинал,Растаможен,https://auto.ru/cars/used/sale/kia/cerato/1103683243-fe96dba1/
Kia Cerato II,645000,2011,125000,купе,белый,2.0,150,Бензин,5250,механическая,Левый,Не требует ремонта,1 владелец,Оригинал,Растаможен,https://auto.ru/cars/used/sale/kia/cerato/1103694628-07f4b733/
Kia Cerato II,550000,2010,246400,купе,белый,2.0,156,Бензин,7020,автоматическая,Левый,Не требует ремонта,3 или более,Дубликат,Растаможен,https://auto.ru/cars/used/sale/kia/cerato/1101219925-80cb68c2/
Kia Cerato II,500000,2010,135200,седан,серый,1.6,126,Бензин,4410,автоматическая,Левый,Не требует ремонта,2 владельца,Оригинал,Растаможен,https://auto.ru/cars/used/sale/kia/cerato/1103170712-5f66ed9e/
Kia Cerato III,780000,2013,133000,купе,голубой,2.0,150,Бензин,5250,автоматическая,Левый,Не требует ремонта,3 или более,Оригинал,Растаможен,https://auto.ru/cars/used/sale/kia/cerato/1103240281-9f583a2f/
Kia Cerato IV,1269000,2019,63379,седан,белый,2.0,150,Бензин,5250,автоматическая,Левый,Не требует ремонта,2 владельца,Оригинал,Растаможен,https://auto.ru/cars/used/sale/kia/cerato/1103445750-b4748996/
Kia Cerato II,640000,2012,108300,седан,серый,1.6,126,Бензин,4410,автоматическая,Левый,Не требует ремонта,1 владелец,Оригинал,Растаможен,https://auto.ru/cars/used/sale/kia/cerato/1103160456-ce9e56c8/
Kia Cerato II,715000,2011,78300,купе,красный,2.0,150,Бензин,5250,автоматическая,Левый,Не требует ремонта,3 или более,Оригинал,Растаможен,https://auto.ru/cars/used/sale/kia/cerato/1103717795-f7d54b41/
Kia Cerato II,360000,2009,208000,седан,чёрный,1.6,126,"Бензин, газобаллонное оборудование",4410,механическая,Левый,Не требует ремонта,3 или более,Оригинал,Растаможен,https://auto.ru/cars/used/sale/kia/cerato/1103724363-b3a88b65/
Kia Cerato II,360000,2010,210000,купе,красный,1.6,126,Бензин,4410,механическая,Левый,Не требует ремонта,2 владельца,Оригинал,Растаможен,https://auto.ru/cars/used/sale/kia/cerato/1098856404-a7ee57a8/
Kia Cerato III,580000,2015,153052,седан,коричневый,1.6,130,Бензин,4550,механическая,Левый,Не требует ремонта,3 или более,Оригинал,Растаможен,https://auto.ru/cars/used/sale/kia/cerato/1103714708-ec085464/
Kia Cerato II,520000,2011,180000,купе,голубой,2.0,150,Бензин,5250,механическая,Левый,Не требует ремонта,3 или более,Оригинал,Растаможен,https://auto.ru/cars/used/sale/kia/cerato/1103276672-c55ccd29/
Kia Cerato III,815000,2014,106000,седан,чёрный,1.6,130,Бензин,4550,автоматическая,Левый,Не требует ремонта,3 или более,Оригинал,Растаможен,https://auto.ru/cars/used/sale/kia/cerato/1103663414-4e6dd6c6/
Kia Cerato III,680000,2013,148300,купе,красный,2.0,150,Бензин,5250,автоматическая,Левый,Не требует ремонта,3 или более,Оригинал,Растаможен,https://auto.ru/cars/used/sale/kia/cerato/1103279906-4a74a256/
Kia Cerato II,500000,2010,82500,седан,серебристый,1.6,126,Бензин,4410,автоматическая,Левый,Не требует ремонта,3 или более,Оригинал,Растаможен,https://auto.ru/cars/used/sale/kia/cerato/1102658125-1d153e95/
Kia Cerato II,500000,2012,340000,купе,белый,1.6,126,Бензин,4410,механическая,Левый,Не требует ремонта,1 владелец,Оригинал,Растаможен,https://auto.ru/cars/used/sale/kia/cerato/1103145775-b7be334a/
Kia Cerato III Рестайлинг (Classic),885000,2016,135937,седан,коричневый,1.6,130,Бензин,4550,автоматическая,Левый,Не требует ремонта,1 владелец,Оригинал,Растаможен,https://auto.ru/cars/used/sale/kia/cerato/1103231493-d81176f2/
Kia Cerato III,900000,2015,60000,седан,серый,1.6,130,Бензин,4550,автоматическая,Левый,Не требует ремонта,2 владельца,Оригинал,Растаможен,https://auto.ru/cars/used/sale/kia/cerato/1103470414-db83f491/
Kia Cerato III Рестайлинг (Classic),1145000,2018,30000,седан,белый,2.0,150,Бензин,5250,автоматическая,Левый,Не требует ремонта,1 владелец,Оригинал,Растаможен,https://auto.ru/cars/used/sale/kia/cerato/1102108086-c564b59a/
Kia Cerato II,559000,2012,114329,седан,серебристый,1.6,126,Бензин,4410,механическая,Левый,Не требует ремонта,1 владелец,Оригинал,Растаможен,https://auto.ru/cars/used/sale/kia/cerato/1103307805-0ee616f7/
Kia Cerato IV,1670000,2019,15000,седан,чёрный,2.0,150,Бензин,5250,автоматическая,Левый,Не требует ремонта,1 владелец,Оригинал,Растаможен,https://auto.ru/cars/used/sale/kia/cerato/1101431150-bf229f04/
Kia Cerato I,280000,2006,116000,седан,серый,1.6,105,Бензин,2625,автоматическая,Левый,Не требует ремонта,3 или более,Дубликат,Растаможен,https://auto.ru/cars/used/sale/kia/cerato/1103615465-70caf714/
Kia Cerato I Рестайлинг,465000,2009,120000,седан,синий,1.6,122,Бензин,3050,автоматическая,Левый,Не требует ремонта,3 или более,Оригинал,Растаможен,https://auto.ru/cars/used/sale/kia/cerato/1103713252-57b0573e/
Kia Cerato IV,1450000,2019,24000,седан,серебристый,2.0,150,Бензин,5250,автоматическая,Левый,Не требует ремонта,1 владелец,Оригинал,Растаможен,https://auto.ru/cars/used/sale/kia/cerato/1103362238-1990aab4/
Kia Cerato III,850000,2014,114000,седан,серый,2.0,150,Бензин,5250,автоматическая,Левый,Не требует ремонта,3 или более,Дубликат,Растаможен,https://auto.ru/cars/used/sale/kia/cerato/1096137862-f7493d29/
Kia Cerato III Рестайлинг (Classic),979000,2017,118000,седан,коричневый,2.0,150,Бензин,5250,автоматическая,Левый,Не требует ремонта,1 владелец,Оригинал,Растаможен,https://auto.ru/cars/used/sale/kia/cerato/1103400175-da425481/
Kia Cerato IV,1420000,2019,24000,седан,чёрный,1.6,128,Бензин,4480,автоматическая,Левый,Не требует ремонта,1 владелец,Оригинал,Растаможен,https://auto.ru/cars/used/sale/kia/cerato/1103715613-279040ed/
Kia Cerato III,600000,2014,160751,седан,синий,1.6,130,Бензин,4550,механическая,Левый,Не требует ремонта,2 владельца,Оригинал,Растаможен,https://auto.ru/cars/used/sale/kia/cerato/1103324644-c795ef8f/
Kia Cerato II,549000,2011,161000,купе,красный,1.6,126,Бензин,4410,автоматическая,Левый,Не требует ремонта,3 или более,Оригинал,Растаможен,https://auto.ru/cars/used/sale/kia/cerato/1103604033-a8ca057a/
Kia Cerato II,630000,2012,107000,купе,серый,1.6,126,Бензин,4410,механическая,Левый,Не требует ремонта,2 владельца,Оригинал,Растаможен,https://auto.ru/cars/used/sale/kia/cerato/1103122149-904f8a32/
Kia Cerato III Рестайлинг (Classic),980000,2018,57605,седан,чёрный,1.6,130,Бензин,4550,автоматическая,Левый,Не требует ремонта,1 владелец,Оригинал,Растаможен,https://auto.ru/cars/used/sale/kia/cerato/1103729777-65a22d17/
Kia Cerato III,800000,2014,104000,седан,белый,1.6,130,Бензин,4550,механическая,Левый,Не требует ремонта,1 владелец,Оригинал,Растаможен,https://auto.ru/cars/used/sale/kia/cerato/1103149365-670b3d09/
Kia Cerato III,670000,2015,111200,седан,чёрный,1.6,130,Бензин,4550,механическая,Левый,Не требует ремонта,3 или более,Оригинал,Растаможен,https://auto.ru/cars/used/sale/kia/cerato/1102426829-a1a22577/
Kia Cerato III Рестайлинг (Classic),1100000,2017,61800,седан,чёрный,2.0,150,Бензин,5250,автоматическая,Левый,Не требует ремонта,1 владелец,Оригинал,Растаможен,https://auto.ru/cars/used/sale/kia/cerato/1103504888-b7d35dda/
Kia Cerato III Рестайлинг (Classic),1270000,2019,44020,седан,коричневый,2.0,150,Бензин,5250,автоматическая,Левый,Не требует ремонта,1 владелец,Оригинал,Растаможен,https://auto.ru/cars/used/sale/kia/cerato/1103085754-3297dc88/
Kia Cerato IV,1298000,2019,36500,седан,красный,2.0,150,Бензин,5250,автоматическая,Левый,Не требует ремонта,1 владелец,Оригинал,Растаможен,https://auto.ru/cars/used/sale/kia/cerato/1103264384-56cd146f/
Kia Cerato III Рестайлинг (Classic),980000,2017,69900,седан,синий,2.0,150,Бензин,5250,автоматическая,Левый,Не требует ремонта,2 владельца,Оригинал,Растаможен,https://auto.ru/cars/used/sale/kia/cerato/1101936061-03dd870d/
Kia Cerato II,700000,2012,195000,купе,голубой,2.0,150,Бензин,5250,автоматическая,Левый,Не требует ремонта,1 владелец,Оригинал,Растаможен,https://auto.ru/cars/used/sale/kia/cerato/1103124688-95f10faf/
Kia Cerato III Рестайлинг (Classic),1084000,2017,85715,седан,серый,2.0,150,Бензин,5250,автоматическая,Левый,Не требует ремонта,1 владелец,Оригинал,Растаможен,https://auto.ru/cars/used/sale/kia/cerato/1103448833-a1800423/
Kia Cerato II,520000,2010,241000,купе,красный,2.0,150,Бензин,5250,механическая,Левый,Не требует ремонта,3 или более,Оригинал,Растаможен,https://auto.ru/cars/used/sale/kia/cerato/1101352342-9bfb2e49/
Kia Cerato II,700000,2012,78000,седан,белый,1.6,126,Бензин,4410,механическая,Левый,Не требует ремонта,1 владелец,Оригинал,Растаможен,https://auto.ru/cars/used/sale/kia/cerato/1103670545-f4f792ba/
Kia Cerato II,600000,2011,196000,купе,чёрный,2.0,150,Бензин,5250,автоматическая,Левый,Не требует ремонта,3 или более,Оригинал,Растаможен,https://auto.ru/cars/used/sale/kia/cerato/1091490516-1b4a85f5/
Kia Cerato IV,1465000,2018,72000,седан,белый,2.0,150,Бензин,5250,автоматическая,Левый,Не требует ремонта,2 владельца,Оригинал,Растаможен,https://auto.ru/cars/used/sale/kia/cerato/1103232697-c507f178/
Kia Cerato III Рестайлинг (Classic),1000000,2018,42000,седан,чёрный,2.0,150,Бензин,5250,автоматическая,Левый,Не требует ремонта,3 или более,Оригинал,Растаможен,https://auto.ru/cars/used/sale/kia/cerato/1103262716-aa4f00e4/
Kia Cerato III Рестайлинг (Classic),990000,2017,99999,седан,белый,2.0,150,"Бензин, газобаллонное оборудование",5250,автоматическая,Левый,Не требует ремонта,2 владельца,Оригинал,Растаможен,https://auto.ru/cars/used/sale/kia/cerato/1102718040-5ca8b88d/
Kia Cerato III,680000,2014,147000,седан,белый,1.6,130,Бензин,4550,механическая,Левый,Не требует ремонта,3 или более,Оригинал,Растаможен,https://auto.ru/cars/used/sale/kia/cerato/1101413992-77d0cdf3/
Kia Cerato II,545000,2011,151408,седан,голубой,1.6,126,Бензин,4410,автоматическая,Левый,Не требует ремонта,2 владельца,Оригинал,Растаможен,https://auto.ru/cars/used/sale/kia/cerato/1103303278-6fe7b772/
Kia Cerato III,719000,2016,191839,седан,белый,1.6,130,Бензин,4550,автоматическая,Левый,Не требует ремонта,1 владелец,Оригинал,Растаможен,https://auto.ru/cars/used/sale/kia/cerato/1103349120-751e4c6a/
Kia Cerato II,567000,2010,157000,седан,коричневый,1.6,126,Бензин,4410,автоматическая,Левый,Не требует ремонта,2 владельца,Оригинал,Растаможен,https://auto.ru/cars/used/sale/kia/cerato/1103500159-f4b96968/
Kia Cerato III,760000,2014,155000,седан,белый,1.6,130,Бензин,4550,механическая,Левый,Не требует ремонта,2 владельца,Оригинал,Растаможен,https://auto.ru/cars/used/sale/kia/cerato/1103167799-39971e00/
Kia Cerato I,199999,2005,164000,хэтчбек 5 дв.,синий,1.6,105,Бензин,2625,автоматическая,Левый,Не требует ремонта,3 или более,Оригинал,Растаможен,https://auto.ru/cars/used/sale/kia/cerato/1103415056-14a0a0d7/
Kia Cerato III,800000,2014,130000,седан,чёрный,1.6,130,"Бензин, газобаллонное оборудование",4550,автоматическая,Левый,Не требует ремонта,1 владелец,Оригинал,Растаможен,https://auto.ru/cars/used/sale/kia/cerato/1096868782-3c34c6c6/
Kia Cerato III Рестайлинг (Classic),1230000,2019,11900,седан,белый,1.6,130,Бензин,4550,автоматическая,Левый,Не требует ремонта,1 владелец,Оригинал,Растаможен,https://auto.ru/cars/used/sale/kia/cerato/1103129723-e11745a8/
Kia Cerato II,633333,2010,97777,седан,белый,1.6,126,Бензин,4410,автоматическая,Левый,Не требует ремонта,2 владельца,Оригинал,Растаможен,https://auto.ru/cars/used/sale/kia/cerato/1103342768-eff1142a/
Kia Cerato II,600000,2011,170000,купе,красный,1.6,126,Бензин,4410,автоматическая,Левый,Не требует ремонта,3 или более,Оригинал,Растаможен,https://auto.ru/cars/used/sale/kia/cerato/1103144116-5279a9e8/
Kia Cerato II,600000,2012,103000,седан,коричневый,1.6,126,Бензин,4410,механическая,Левый,Не требует ремонта,1 владелец,Оригинал,Растаможен,https://auto.ru/cars/used/sale/kia/cerato/1103359048-a3c05f87/
Kia Cerato I,299000,2005,154534,седан,серебристый,1.6,105,Бензин,2625,механическая,Левый,Не требует ремонта,3 или более,Дубликат,Растаможен,https://auto.ru/cars/used/sale/kia/cerato/1103472330-c85613c0/
Kia Cerato II,710000,2012,140600,купе,белый,1.6,126,Бензин,4410,механическая,Левый,Не требует ремонта,2 владельца,Оригинал,Растаможен,https://auto.ru/cars/used/sale/kia/cerato/1102759872-d806196e/
Kia Cerato IV,1350000,2019,63000,седан,белый,2.0,150,Бензин,5250,автоматическая,Левый,Не требует ремонта,1 владелец,Оригинал,Растаможен,https://auto.ru/cars/used/sale/kia/cerato/1103596879-62cea277/
Kia Cerato I,150000,2004,238000,седан,чёрный,2.0,143,Бензин,5005,механическая,Левый,Не требует ремонта,2 владельца,Оригинал,Растаможен,https://auto.ru/cars/used/sale/kia/cerato/1103076590-8657ce26/
Kia Cerato II,480000,2009,147000,седан,белый,1.6,126,Бензин,4410,механическая,Левый,Не требует ремонта,3 или более,Оригинал,Растаможен,https://auto.ru/cars/used/sale/kia/cerato/1103643337-604df0a7/
Kia Cerato II,580000,2011,213219,седан,чёрный,2.0,150,Бензин,5250,автоматическая,Левый,Не требует ремонта,3 или более,Оригинал,Растаможен,https://auto.ru/cars/used/sale/kia/cerato/1102245165-b89b8209/
Kia Cerato II,650000,2010,265000,купе,пурпурный,2.0,156,Бензин,7020,автоматическая,Левый,Не требует ремонта,1 владелец,Оригинал,Растаможен,https://auto.ru/cars/used/sale/kia/cerato/1103146625-0c2b989a/
Kia Cerato III,820000,2014,168000,седан,чёрный,1.6,130,Бензин,4550,автоматическая,Левый,Не требует ремонта,3 или более,Оригинал,Растаможен,https://auto.ru/cars/used/sale/kia/cerato/1103712813-1492a491/
Kia Cerato III,1030000,2015,112000,седан,коричневый,2.0,150,Бензин,5250,автоматическая,Левый,Не требует ремонта,1 владелец,Оригинал,Растаможен,https://auto.ru/cars/used/sale/kia/cerato/1102423631-92eec20d/
Kia Cerato I,200000,2004,137000,седан,красный,2.0,143,Бензин,5005,механическая,Левый,Не требует ремонта,3 или более,Оригинал,Растаможен,https://auto.ru/cars/used/sale/kia/cerato/1103655414-9f2083cc/
Kia Cerato II,480000,2012,256952,седан,коричневый,1.6,126,Бензин,4410,механическая,Левый,Не требует ремонта,1 владелец,Оригинал,Растаможен,https://auto.ru/cars/used/sale/kia/cerato/1103347385-77378ef3/
Kia Cerato III,740000,2013,208000,седан,серый,1.6,130,Бензин,4550,автоматическая,Левый,Не требует ремонта,2 владельца,Оригинал,Растаможен,https://auto.ru/cars/used/sale/kia/cerato/1103733332-4b660912/
Kia Cerato I Рестайлинг,315000,2007,227000,седан,синий,1.6,122,Бензин,3050,автоматическая,Левый,Не требует ремонта,3 или более,Дубликат,Растаможен,https://auto.ru/cars/used/sale/kia/cerato/1103493286-2c5cd020/
Kia Cerato III Рестайлинг (Classic),980000,2017,111700,седан,чёрный,1.6,130,Бензин,4550,автоматическая,Левый,Не требует ремонта,2 владельца,Оригинал,Растаможен,https://auto.ru/cars/used/sale/kia/cerato/1102432025-d1b00868/
Kia Cerato III,848000,2014,103000,седан,чёрный,1.6,130,Бензин,4550,автоматическая,Левый,Не требует ремонта,2 владельца,Оригинал,Растаможен,https://auto.ru/cars/used/sale/kia/cerato/1103621453-98ac8126/
Kia Cerato III Рестайлинг (Classic),1045000,2018,106706,седан,белый,2.0,150,Бензин,5250,автоматическая,Левый,Не требует ремонта,1 владелец,Оригинал,Растаможен,https://auto.ru/cars/used/sale/kia/cerato/1103414550-14c774c7/
Kia Cerato I,355000,2005,228000,седан,голубой,1.6,105,Бензин,2625,автоматическая,Левый,Не требует ремонта,3 или более,Дубликат,Растаможен,https://auto.ru/cars/used/sale/kia/cerato/1103731043-5acbe96a/
Kia Cerato III Рестайлинг (Classic),1110000,2017,74000,седан,чёрный,2.0,150,Бензин,5250,автоматическая,Левый,Не требует ремонта,2 владельца,Оригинал,Растаможен,https://auto.ru/cars/used/sale/kia/cerato/1102892693-a4c95a1b/
Kia Cerato III,930000,2015,70795,седан,красный,1.6,130,Бензин,4550,автоматическая,Левый,Не требует ремонта,2 владельца,Оригинал,Растаможен,https://auto.ru/cars/used/sale/kia/cerato/1103604075-fce09d5c/
Kia Cerato III Рестайлинг (Classic),949000,2018,80000,седан,белый,1.6,130,Бензин,4550,механическая,Левый,Не требует ремонта,1 владелец,Оригинал,Растаможен,https://auto.ru/cars/used/sale/kia/cerato/1103600404-eb649f53/
Kia Cerato III,830000,2015,169500,седан,серый,2.0,150,Бензин,5250,автоматическая,Левый,Не требует ремонта,2 владельца,Оригинал,Растаможен,https://auto.ru/cars/used/sale/kia/cerato/1103653624-db4035a8/
Kia Cerato I,270000,2006,212000,седан,красный,1.6,105,"Бензин, газобаллонное оборудование",2625,механическая,Левый,Не требует ремонта,2 владельца,Оригинал,Растаможен,https://auto.ru/cars/used/sale/kia/cerato/1101694184-e342eb78/
Kia Cerato IV,1360000,2018,27000,седан,серый,1.6,128,Бензин,4480,автоматическая,Левый,Не требует ремонта,1 владелец,Оригинал,Растаможен,https://auto.ru/cars/used/sale/kia/cerato/1103570077-cf4c5269/
Kia Cerato III Рестайлинг (Classic),1300000,2019,33500,седан,коричневый,2.0,150,Бензин,5250,автоматическая,Левый,Не требует ремонта,1 владелец,Оригинал,Растаможен,https://auto.ru/cars/used/sale/kia/cerato/1103555804-d3fea083/
Kia Cerato III Рестайлинг (Classic),940000,2017,136000,седан,белый,1.6,130,Бензин,4550,автоматическая,Левый,Не требует ремонта,1 владелец,Оригинал,Растаможен,https://auto.ru/cars/used/sale/kia/cerato/1103119317-9ff773a0/
Kia Cerato III Рестайлинг (Classic),1150000,2017,75000,седан,чёрный,2.0,150,Бензин,5250,автоматическая,Левый,Не требует ремонта,1 владелец,Оригинал,Растаможен,https://auto.ru/cars/used/sale/kia/cerato/1103188473-38722b8d/
Kia Cerato I,330000,2007,158000,седан,красный,1.6,122,Бензин,3050,механическая,Левый,Не требует ремонта,2 владельца,Оригинал,Растаможен,https://auto.ru/cars/used/sale/kia/cerato/1103499108-e99c2676/
Kia Cerato III,710000,2016,138000,седан,жёлтый,1.6,130,Бензин,4550,механическая,Левый,Не требует ремонта,1 владелец,Оригинал,Растаможен,https://auto.ru/cars/used/sale/kia/cerato/1103436734-b7764a3a/
Kia Cerato I Рестайлинг,360000,2007,132555,седан,серебристый,1.6,122,Бензин,3050,автоматическая,Левый,Не требует ремонта,2 владельца,Оригинал,Растаможен,https://auto.ru/cars/used/sale/kia/cerato/1103210815-9d448410/
Kia Cerato II,700000,2010,156000,купе,голубой,2.0,150,Бензин,5250,автоматическая,Левый,Не требует ремонта,3 или более,Дубликат,Растаможен,https://auto.ru/cars/used/sale/kia/cerato/1102639464-0f9dcc15/
Kia Cerato III,910000,2015,150800,седан,коричневый,2.0,150,Бензин,5250,автоматическая,Левый,Не требует ремонта,2 владельца,Оригинал,Растаможен,https://auto.ru/cars/used/sale/kia/cerato/1103229868-b27a4e20/
Kia Cerato III Рестайлинг (Classic),1275000,2019,44890,седан,серый,2.0,150,Бензин,5250,автоматическая,Левый,Не требует ремонта,1 владелец,Оригинал,Растаможен,https://auto.ru/cars/used/sale/kia/cerato/1103225593-c98f4ae5/
Kia Cerato III Рестайлинг (Classic),1285000,2019,3300,седан,жёлтый,1.6,130,Бензин,4550,автоматическая,Левый,Не требует ремонта,1 владелец,Оригинал,Растаможен,https://auto.ru/cars/used/sale/kia/cerato/1100633924-b6d1f18f/
Kia Cerato II,520000,2009,156000,седан,серый,1.6,126,"Бензин, газобаллонное оборудование",4410,автоматическая,Левый,Не требует ремонта,3 или более,Дубликат,Растаможен,https://auto.ru/cars/used/sale/kia/cerato/1103520562-4addef0d/
Kia Cerato III Рестайлинг (Classic),1100000,2016,48000,седан,белый,2.0,150,Бензин,5250,автоматическая,Левый,Не требует ремонта,1 владелец,Оригинал,Растаможен,https://auto.ru/cars/used/sale/kia/cerato/1092530270-ae3e2ee6/
Kia Cerato III Рестайлинг (Classic),1270000,2019,37000,седан,синий,2.0,150,Бензин,5250,автоматическая,Левый,Не требует ремонта,1 владелец,Оригинал,Растаможен,https://auto.ru/cars/used/sale/kia/cerato/1103046298-0c675725/
Kia Cerato II,550000,2010,270000,седан,серебристый,1.6,126,Бензин,4410,механическая,Левый,Не требует ремонта,3 или более,Оригинал,Растаможен,https://auto.ru/cars/used/sale/kia/cerato/1103419118-68029867/
Kia Cerato III,860000,2015,140000,седан,белый,1.6,130,"Бензин, газобаллонное оборудование",4550,автоматическая,Левый,Не требует ремонта,2 владельца,Оригинал,Растаможен,https://auto.ru/cars/used/sale/kia/cerato/1103119995-815523f4/
Kia Cerato III Рестайлинг (Classic),930000,2018,129000,седан,серый,2.0,150,Бензин,5250,автоматическая,Левый,Не требует ремонта,1 владелец,Оригинал,Растаможен,https://auto.ru/cars/used/sale/kia/cerato/1103014908-4e88454d/
Kia Cerato III Рестайлинг (Classic),1150000,2019,57000,седан,белый,2.0,150,Бензин,5250,автоматическая,Левый,Не требует ремонта,1 владелец,Оригинал,Растаможен,https://auto.ru/cars/used/sale/kia/cerato/1101197973-55c23259/
Kia Cerato III Рестайлинг (Classic),1190000,2018,104300,седан,белый,2.0,150,Бензин,5250,автоматическая,Левый,Не требует ремонта,1 владелец,Оригинал,Растаможен,https://auto.ru/cars/used/sale/kia/cerato/1101747804-474ee58b/
Kia Cerato III,769000,2014,101921,седан,белый,2.0,150,Бензин,4380,автоматическая,Левый,Не требует ремонта,3 или более,Дубликат,Растаможен,https://auto.ru/cars/used/sale/kia/cerato/1102917319-a2fc9565/
Kia Cerato III,800000,2014,100480,седан,красный,1.6,130,Бензин,3250,автоматическая,Левый,Не требует ремонта,1 владелец,Оригинал,Растаможен,https://auto.ru/cars/used/sale/kia/cerato/1103081995-008390f3/
Kia Cerato III Рестайлинг (Classic),1010000,2018,124860,седан,белый,1.6,130,Бензин,3250,автоматическая,Левый,Не требует ремонта,1 владелец,Оригинал,Растаможен,https://auto.ru/cars/used/sale/kia/cerato/1103108465-654f6320/
Kia Cerato I,499000,2006,77914,хэтчбек 5 дв.,синий,1.5,102,Дизель,3468,механическая,Левый,Не требует ремонта,1 владелец,Оригинал,Растаможен,https://auto.ru/cars/used/sale/kia/cerato/1103763343-d4d2662a/
Kia Cerato II,575000,2011,145807,седан,белый,1.6,126,Бензин,3150,автоматическая,Левый,Не требует ремонта,2 владельца,Оригинал,Растаможен,https://auto.ru/cars/used/sale/kia/cerato/1103740761-0c9a48d2/
Kia Cerato IV,1510000,2019,48000,седан,серый,2.0,150,Бензин,5100,автоматическая,Левый,Не требует ремонта,1 владелец,Оригинал,Растаможен,https://auto.ru/cars/used/sale/kia/cerato/1103763479-068f1595/
Kia Cerato III Рестайлинг (Classic),1189000,2018,75000,седан,белый,2.0,150,Бензин,3150,автоматическая,Левый,Не требует ремонта,1 владелец,Оригинал,Растаможен,https://auto.ru/cars/used/sale/kia/cerato/1103740480-0eac5f09/
Kia Cerato II,555000,2010,94054,седан,голубой,1.6,126,Бензин,4284,механическая,Левый,Не требует ремонта,1 владелец,Оригинал,Растаможен,https://auto.ru/cars/used/sale/kia/cerato/1103658762-78334b4a/
Kia Cerato II,514000,2010,110000,седан,серебристый,1.6,126,Бензин,2646,автоматическая,Левый,Не требует ремонта,3 или более,Оригинал,Растаможен,https://auto.ru/cars/used/sale/kia/cerato/1103041504-a9d8a326/
Kia Cerato II,429000,2009,188340,седан,чёрный,1.6,126,Бензин,3679,автоматическая,Левый,Не требует ремонта,3 или более,Дубликат,Растаможен,https://auto.ru/cars/used/sale/kia/cerato/1103557438-43e4a075/
Kia Cerato III Рестайлинг (Classic),929000,2017,98000,седан,белый,1.6,130,Бензин,3796,автоматическая,Левый,Не требует ремонта,2 владельца,Дубликат,Растаможен,https://auto.ru/cars/used/sale/kia/cerato/1103256660-0fca0dba/
Kia Cerato III Рестайлинг (Classic),1099000,2018,86500,седан,синий,2.0,150,Бензин,5100,автоматическая,Левый,Не требует ремонта,1 владелец,Оригинал,Растаможен,https://auto.ru/cars/used/sale/kia/cerato/1102810422-f9525de6/
Kia Cerato III Рестайлинг (Classic),1030000,2017,83000,седан,чёрный,1.6,130,Бензин,2600,автоматическая,Левый,Не требует ремонта,1 владелец,Оригинал,Растаможен,https://auto.ru/cars/used/sale/kia/cerato/1103700092-17e1d539/
Kia Cerato IV,1440000,2019,55000,седан,красный,2.0,150,Бензин,3750,автоматическая,Левый,Не требует ремонта,1 владелец,Оригинал,Растаможен,https://auto.ru/cars/used/sale/kia/cerato/1103761032-cd2c9949/
Kia Cerato III Рестайлинг (Classic),1200000,2018,42829,седан,белый,2.0,150,Бензин,3750,автоматическая,Левый,Не требует ремонта,1 владелец,Оригинал,Растаможен,https://auto.ru/cars/used/sale/kia/cerato/1103688240-72e0f785/
Kia Cerato I,230000,2005,289000,хэтчбек 5 дв.,бежевый,1.6,105,Бензин,3570,механическая,Левый,Не требует ремонта,3 или более,Дубликат,Растаможен,https://auto.ru/cars/used/sale/kia/cerato/1103397278-9855e7f6/
Kia Cerato I Рестайлинг,370000,2008,303000,седан,голубой,1.6,122,Бензин,3562,механическая,Левый,Не требует ремонта,3 или более,Оригинал,Растаможен,https://auto.ru/cars/used/sale/kia/cerato/1103668176-47e25c46/
Kia Cerato III,969000,2015,64000,седан,белый,1.6,130,Бензин,3796,автоматическая,Левый,Не требует ремонта,1 владелец,Оригинал,Растаможен,https://auto.ru/cars/used/sale/kia/cerato/1103378020-387ddfd7/
Kia Cerato III Рестайлинг (Classic),1160000,2018,66787,седан,белый,2.0,150,Бензин,3000,автоматическая,Левый,Не требует ремонта,1 владелец,Оригинал,Растаможен,https://auto.ru/cars/used/sale/kia/cerato/1103621291-df2b6762/
Kia Cerato II,679900,2010,104200,купе,голубой,1.6,126,Бензин,4284,автоматическая,Левый,Не требует ремонта,1 владелец,Оригинал,Растаможен,https://auto.ru/cars/used/sale/kia/cerato/1103588207-5dc14fb6/
Kia Cerato III Рестайлинг (Classic),1230000,2019,39801,седан,чёрный,1.6,130,Бензин,2600,автоматическая,Левый,Не требует ремонта,1 владелец,Оригинал,Растаможен,https://auto.ru/cars/used/sale/kia/cerato/1102943498-cf41ceb1/
Kia Cerato II,435000,2010,180000,седан,белый,1.6,126,Бензин,3150,механическая,Левый,Не требует ремонта,3 или более,Дубликат,Растаможен,https://auto.ru/cars/used/sale/kia/cerato/1048871098-3dbbd/
Kia Cerato II,555000,2010,180000,седан,серебристый,1.6,126,Бензин,4284,автоматическая,Левый,Не требует ремонта,2 владельца,Оригинал,Растаможен,https://auto.ru/cars/used/sale/kia/cerato/1103747036-3c7ce81c/
Kia Cerato III,795000,2015,131000,седан,коричневый,1.6,130,Бензин,4420,автоматическая,Левый,Не требует ремонта,2 владельца,Оригинал,Растаможен,https://auto.ru/cars/used/sale/kia/cerato/1103743642-687f3746/
Kia Cerato III,655000,2013,94000,седан,синий,1.6,130,Бензин,4420,механическая,Левый,Не требует ремонта,1 владелец,Оригинал,Растаможен,https://auto.ru/cars/used/sale/kia/cerato/1103694850-8d136d61/
Kia Cerato III Рестайлинг (Classic),1135000,2018,78100,седан,чёрный,2.0,150,Бензин,5100,автоматическая,Левый,Не требует ремонта,1 владелец,Оригинал,Растаможен,https://auto.ru/cars/used/sale/kia/cerato/1103497218-1d705512/
Kia Cerato II,570000,2010,158100,купе,синий,2.0,150,Бензин,5100,автоматическая,Левый,Не требует ремонта,3 или более,Оригинал,Растаможен,https://auto.ru/cars/used/sale/kia/cerato/1103555887-d5187267/
Kia Cerato II,680000,2010,206000,купе,чёрный,2.0,150,Бензин,5100,автоматическая,Левый,Не требует ремонта,3 или более,Дубликат,Растаможен,https://auto.ru/cars/used/sale/kia/cerato/1095660788-2e3d2199/
Kia Cerato III Рестайлинг (Classic),828888,2016,120008,седан,белый,2.0,150,Бензин,5100,автоматическая,Левый,Не требует ремонта,2 владельца,Оригинал,Растаможен,https://auto.ru/cars/used/sale/kia/cerato/1103290310-0e1e8a67/
Kia Cerato II,435000,2010,148000,седан,оранжевый,1.6,126,Бензин,4284,механическая,Левый,Не требует ремонта,3 или более,Оригинал,Растаможен,https://auto.ru/cars/used/sale/kia/cerato/1103720983-55ba9217/
Kia Cerato II,650000,2011,211000,купе,красный,2.0,150,Бензин,5100,автоматическая,Левый,Не требует ремонта,3 или более,Оригинал,Растаможен,https://auto.ru/cars/used/sale/kia/cerato/1103738496-41c235e4/
Kia Cerato I,270000,2005,134200,хэтчбек 5 дв.,синий,1.6,105,Бензин,2100,механическая,Левый,Не требует ремонта,3 или более,Оригинал,Растаможен,https://auto.ru/cars/used/sale/kia/cerato/1102572773-f6d970ff/
Kia Cerato II,450000,2012,160000,седан,бежевый,1.6,126,Бензин,3150,механическая,Левый,Не требует ремонта,3 или более,Дубликат,Растаможен,https://auto.ru/cars/used/sale/kia/cerato/1101622007-6ab7e46e/
Kia Cerato III,890000,2016,81000,седан,чёрный,1.6,130,Бензин,3250,автоматическая,Левый,Не требует ремонта,2 владельца,Оригинал,Растаможен,https://auto.ru/cars/used/sale/kia/cerato/1103154419-c2543386/
Kia Cerato III,815000,2014,110000,седан,бежевый,1.6,130,Бензин,3900,автоматическая,Левый,Не требует ремонта,2 владельца,Оригинал,Растаможен,https://auto.ru/cars/used/sale/kia/cerato/1103736934-37827e3c/
Kia Cerato II,320000,2012,320000,седан,белый,1.6,126,Бензин,4284,автоматическая,Левый,Не требует ремонта,3 или более,Оригинал,Растаможен,https://auto.ru/cars/used/sale/kia/cerato/1103492848-099fbb99/
Kia Cerato II,435000,2010,115000,седан,чёрный,1.6,126,Бензин,4284,механическая,Левый,Не требует ремонта,2 владельца,Оригинал,Растаможен,https://auto.ru/cars/used/sale/kia/cerato/1103116114-3c5102fe/
Kia Cerato II,600000,2012,179000,седан,белый,1.6,126,Бензин,2646,автоматическая,Левый,Не требует ремонта,2 владельца,Оригинал,Растаможен,https://auto.ru/cars/used/sale/kia/cerato/1103322778-691ff569/
Kia Cerato III,777000,2014,123000,седан,серый,1.6,130,Бензин,4420,автоматическая,Левый,Не требует ремонта,3 или более,Оригинал,Растаможен,https://auto.ru/cars/used/sale/kia/cerato/1103731752-06a8ea9c/
Kia Cerato I,215000,2005,188000,седан,серый,1.6,105,Бензин,3570,механическая,Левый,Не требует ремонта,3 или более,Оригинал,Растаможен,https://auto.ru/cars/used/sale/kia/cerato/1103676712-fdde21dc/
Kia Cerato IV,1350000,2019,55200,седан,белый,2.0,150,Бензин,5100,автоматическая,Левый,Не требует ремонта,1 владелец,Оригинал,Растаможен,https://auto.ru/cars/used/sale/kia/cerato/1103549913-0a9a7ba9/
Kia Cerato III Рестайлинг (Classic),1070000,2018,68500,седан,чёрный,1.6,130,Бензин,4550,автоматическая,Левый,Не требует ремонта,1 владелец,Оригинал,Растаможен,https://auto.ru/cars/used/sale/kia/cerato/1103737351-286c4ca2/
Kia Cerato II,470000,2009,156000,седан,серый,2.0,156,Бензин,7644,автоматическая,Левый,Не требует ремонта,3 или более,Дубликат,Растаможен,https://auto.ru/cars/used/sale/kia/cerato/1102867768-9085beb7/
Kia Cerato III,750000,2014,75000,седан,бежевый,1.6,130,Бензин,2600,механическая,Левый,Не требует ремонта,3 или более,Оригинал,Растаможен,https://auto.ru/cars/used/sale/kia/cerato/1103275785-db16857a/
Kia Cerato III Рестайлинг (Classic),1139000,2018,51000,седан,белый,2.0,150,Бензин,5100,автоматическая,Левый,Не требует ремонта,2 владельца,Оригинал,Растаможен,https://auto.ru/cars/used/sale/kia/cerato/1103322304-113e75be/
Kia Cerato III,720000,2014,150000,седан,белый,1.6,130,Бензин,3250,автоматическая,Левый,Не требует ремонта,2 владельца,Оригинал,Растаможен,https://auto.ru/cars/used/sale/kia/cerato/1103435261-602ceaa5/
Kia Cerato II,480000,2012,161720,седан,бежевый,1.6,126,Бензин,4284,механическая,Левый,Не требует ремонта,2 владельца,Оригинал,Растаможен,https://auto.ru/cars/used/sale/kia/cerato/1103706082-70c57783/
Kia Cerato II,450000,2010,163000,седан,голубой,1.6,126,Бензин,2520,автоматическая,Левый,Не требует ремонта,3 или более,Дубликат,Растаможен,https://auto.ru/cars/used/sale/kia/cerato/1103217522-80169746/
Kia Cerato III,765299,2015,105800,седан,белый,1.6,130,Бензин,3900,механическая,Левый,Не требует ремонта,3 или более,Дубликат,Растаможен,https://auto.ru/cars/used/sale/kia/cerato/1103440343-63f9e5f5/
Kia Cerato II,500000,2012,105000,седан,белый,1.6,126,Бензин,4284,механическая,Левый,Не требует ремонта,3 или более,Оригинал,Растаможен,https://auto.ru/cars/used/sale/kia/cerato/1103503843-f1c690b9/
Kia Cerato III,720000,2014,126000,седан,чёрный,1.6,130,Бензин,3900,механическая,Левый,Не требует ремонта,1 владелец,Оригинал,Растаможен,https://auto.ru/cars/used/sale/kia/cerato/1103267299-b065c68c/
Kia Cerato II,560000,2010,190000,седан,чёрный,1.6,126,Бензин,4284,автоматическая,Левый,Не требует ремонта,2 владельца,Оригинал,Растаможен,https://auto.ru/cars/used/sale/kia/cerato/1103551234-cd30a19d/
Kia Cerato I,210000,2006,179000,седан,синий,1.6,105,Бензин,3570,механическая,Левый,Не требует ремонта,3 или более,Дубликат,Растаможен,https://auto.ru/cars/used/sale/kia/cerato/1091771196-f32cc305/
Kia Cerato II,400000,2010,240000,седан,коричневый,1.6,126,Бензин,3679,механическая,Левый,Не требует ремонта,3 или более,Оригинал,Растаможен,https://auto.ru/cars/used/sale/kia/cerato/1096746342-e749bd2c/
Kia Cerato II,460000,2010,162804,седан,коричневый,1.6,126,Бензин,2646,автоматическая,Левый,Не требует ремонта,3 или более,Оригинал,Растаможен,https://auto.ru/cars/used/sale/kia/cerato/1103269685-1ba66a9f/
Kia Cerato IV,1250000,2018,42859,седан,чёрный,1.6,128,Бензин,4352,автоматическая,Левый,Не требует ремонта,1 владелец,Оригинал,Растаможен,https://auto.ru/cars/used/sale/kia/cerato/1103370815-3954cfc4/
Kia Cerato III Рестайлинг (Classic),1000000,2018,61300,седан,серебристый,2.0,150,Бензин,5100,автоматическая,Левый,Не требует ремонта,2 владельца,Оригинал,Растаможен,https://auto.ru/cars/used/sale/kia/cerato/1103402291-3ef47c89/
Kia Cerato III,840000,2013,163977,седан,белый,1.6,130,Бензин,4420,автоматическая,Левый,Не требует ремонта,2 владельца,Оригинал,Растаможен,https://auto.ru/cars/used/sale/kia/cerato/1103463988-36dd3b00/
Kia Cerato III,920000,2014,86500,седан,серебристый,2.0,150,Бензин,5100,автоматическая,Левый,Не требует ремонта,3 или более,Дубликат,Растаможен,https://auto.ru/cars/used/sale/kia/cerato/1097602500-0b1eb0e8/
Kia Cerato II,475000,2010,178000,седан,красный,1.6,126,Бензин,3780,механическая,Левый,Не требует ремонта,3 или более,Оригинал,Растаможен,https://auto.ru/cars/used/sale/kia/cerato/1097908862-916f0e40/
Kia Cerato III Рестайлинг (Classic),1050000,2018,87000,седан,чёрный,2.0,150,Бензин,5100,автоматическая,Левый,Не требует ремонта,1 владелец,Оригинал,Растаможен,https://auto.ru/cars/used/sale/kia/cerato/1103415550-7c1825e8/
Kia Cerato I,260000,2005,178000,седан,красный,2.0,143,Бензин,3575,механическая,Левый,Не требует ремонта,2 владельца,Оригинал,Растаможен,https://auto.ru/cars/used/sale/kia/cerato/1102154088-d2a80027/
Kia Cerato III,650000,2014,136000,седан,белый,1.6,130,Бензин,4420,механическая,Левый,Не требует ремонта,3 или более,Оригинал,Растаможен,https://auto.ru/cars/used/sale/kia/cerato/1097797504-aa0687e8/
Kia Cerato IV,1520000,2020,13000,седан,чёрный,1.6,128,Бензин,4352,автоматическая,Левый,Не требует ремонта,1 владелец,Оригинал,Растаможен,https://auto.ru/cars/used/sale/kia/cerato/1103048958-2f89507d/
Kia Cerato III,730000,2014,110000,седан,серебристый,1.6,130,Бензин,2600,механическая,Левый,Не требует ремонта,1 владелец,Оригинал,Растаможен,https://auto.ru/cars/used/sale/kia/cerato/1082810072-903e/
Kia Cerato II,460000,2009,166000,седан,серый,1.6,126,Бензин,4284,автоматическая,Левый,Не требует ремонта,2 владельца,Оригинал,Растаможен,https://auto.ru/cars/used/sale/kia/cerato/1103725863-b15cc441/
Kia Cerato II,590000,2011,121901,седан,белый,1.6,126,Бензин,3780,механическая,Левый,Не требует ремонта,1 владелец,Оригинал,Растаможен,https://auto.ru/cars/used/sale/kia/cerato/1101526952-bbd36bfe/
Kia Cerato III Рестайлинг (Classic),1150000,2019,31100,седан,белый,1.6,130,Бензин,4550,механическая,Левый,Не требует ремонта,1 владелец,Оригинал,Растаможен,https://auto.ru/cars/used/sale/kia/cerato/1099855310-e7737a66/
Kia Cerato III Рестайлинг (Classic),1030000,2018,41000,седан,чёрный,1.6,130,Бензин,4420,автоматическая,Левый,Не требует ремонта,3 или более,Дубликат,Растаможен,https://auto.ru/cars/used/sale/kia/cerato/1103330563-64399320/
Kia Cerato III,825000,2015,125000,седан,серый,1.6,130,Бензин,4550,автоматическая,Левый,Не требует ремонта,2 владельца,Оригинал,Растаможен,https://auto.ru/cars/used/sale/kia/cerato/1103217212-9eadae7d/
Kia Cerato III,800000,2015,158004,седан,серебристый,2.0,150,Бензин,5250,автоматическая,Левый,Не требует ремонта,3 или более,Оригинал,Растаможен,https://auto.ru/cars/used/sale/kia/cerato/1103653301-2d092554/
Kia Cerato II,640000,2012,154000,седан,серый,1.6,126,Бензин,4284,автоматическая,Левый,Не требует ремонта,3 или более,Оригинал,Растаможен,https://auto.ru/cars/used/sale/kia/cerato/1103654489-6e8924f3/
Kia Cerato II,510000,2009,142872,седан,серебристый,2.0,156,Бензин,7644,автоматическая,Левый,Не требует ремонта,3 или более,Оригинал,Растаможен,https://auto.ru/cars/used/sale/kia/cerato/1103142689-ea074be3/
Kia Cerato III,610000,2013,182500,седан,бежевый,1.6,130,Бензин,4420,механическая,Левый,Не требует ремонта,2 владельца,Оригинал,Растаможен,https://auto.ru/cars/used/sale/kia/cerato/1103590354-1e824520/
Kia Cerato I Рестайлинг,399900,2008,153421,седан,серебристый,1.6,122,Бензин,4148,автоматическая,Левый,Не требует ремонта,2 владельца,Оригинал,Растаможен,https://auto.ru/cars/used/sale/kia/cerato/1103727796-cd015fb8/
Kia Cerato III,775000,2014,107200,седан,чёрный,1.6,130,Бензин,4420,механическая,Левый,Не требует ремонта,1 владелец,Оригинал,Растаможен,https://auto.ru/cars/used/sale/kia/cerato/1103133785-2246efd1/
Kia Cerato II,450000,2009,174900,седан,красный,1.6,126,Бензин,4284,механическая,Левый,Не требует ремонта,3 или более,Оригинал,Растаможен,https://auto.ru/cars/used/sale/kia/cerato/1103646375-eb25f945/
Kia Cerato III Рестайлинг (Classic),1160000,2019,70000,седан,белый,2.0,150,Бензин,5100,автоматическая,Левый,Не требует ремонта,1 владелец,Оригинал,Растаможен,https://auto.ru/cars/used/sale/kia/cerato/1103552738-a5f452c5/
Kia Cerato III Рестайлинг (Classic),1030000,2017,78000,седан,серебристый,2.0,150,Бензин,5100,автоматическая,Левый,Не требует ремонта,2 владельца,Оригинал,Растаможен,https://auto.ru/cars/used/sale/kia/cerato/1103428478-bc56b371/
Kia Cerato II,490000,2010,231000,седан,красный,1.6,126,Бензин,4284,автоматическая,Левый,Не требует ремонта,3 или более,Оригинал,Растаможен,https://auto.ru/cars/used/sale/kia/cerato/1103721638-9e1f3afc/
Kia Cerato III Рестайлинг (Classic),1245000,2018,61000,седан,серый,2.0,150,Бензин,5100,автоматическая,Левый,Не требует ремонта,2 владельца,Оригинал,Растаможен,https://auto.ru/cars/used/sale/kia/cerato/1103668744-b0dfc132/
Kia Cerato III,710000,2013,148000,седан,чёрный,1.6,130,Бензин,4420,автоматическая,Левый,Не требует ремонта,3 или более,Оригинал,Растаможен,https://auto.ru/cars/used/sale/kia/cerato/1103608785-659f2270/
Kia Cerato II,440000,2010,370000,седан,белый,1.6,126,Бензин,4284,механическая,Левый,Не требует ремонта,1 владелец,Оригинал,Растаможен,https://auto.ru/cars/used/sale/kia/cerato/1103718133-891628f7/
Kia Cerato III,900000,2014,118000,седан,чёрный,2.0,150,Бензин,4500,автоматическая,Левый,Не требует ремонта,3 или более,Оригинал,Растаможен,https://auto.ru/cars/used/sale/kia/cerato/1102708224-f4be6131/
Kia Cerato I,272000,2006,164500,хэтчбек 5 дв.,чёрный,1.6,105,Бензин,3570,автоматическая,Левый,Не требует ремонта,3 или более,Дубликат,Растаможен,https://auto.ru/cars/used/sale/kia/cerato/1103410345-87658e1c/
Kia Cerato II,750000,2011,151000,седан,фиолетовый,1.6,126,Бензин,3780,автоматическая,Левый,Не требует ремонта,1 владелец,Оригинал,Растаможен,https://auto.ru/cars/used/sale/kia/cerato/1101286482-f0526867/
Kia Cerato III Рестайлинг (Classic),1350000,2019,42000,седан,чёрный,2.0,150,Бензин,3000,автоматическая,Левый,Не требует ремонта,1 владелец,Оригинал,Растаможен,https://auto.ru/cars/used/sale/kia/cerato/1103367585-aa88221c/
Kia Cerato II,685000,2012,115000,седан,серебристый,1.6,126,Бензин,3780,автоматическая,Левый,Не требует ремонта,3 или более,Дубликат,Растаможен,https://auto.ru/cars/used/sale/kia/cerato/1103638233-ddaaeb85/
Kia Cerato III,765000,2013,154312,седан,синий,2.0,150,Бензин,5100,автоматическая,Левый,Не требует ремонта,2 владельца,Оригинал,Растаможен,https://auto.ru/cars/used/sale/kia/cerato/1103669919-b83ab391/
Kia Cerato III Рестайлинг (Classic),950000,2016,98000,седан,белый,1.6,130,Бензин,3250,автоматическая,Левый,Не требует ремонта,3 или более,Оригинал,Растаможен,https://auto.ru/cars/used/sale/kia/cerato/1103153443-259fc5f5/
Kia Cerato III,750000,2015,124000,седан,белый,1.6,130,Бензин,2600,механическая,Левый,Не требует ремонта,2 владельца,Оригинал,Растаможен,https://auto.ru/cars/used/sale/kia/cerato/1103716649-9df221e6/
Kia Cerato III Рестайлинг (Classic),1150000,2016,38000,седан,белый,2.0,150,Бензин,5100,автоматическая,Левый,Не требует ремонта,2 владельца,Оригинал,Растаможен,https://auto.ru/cars/used/sale/kia/cerato/1091945700-85ac063d/
Kia Cerato I Рестайлинг,250000,2007,171400,седан,серебристый,1.6,122,Бензин,2440,механическая,Левый,Не требует ремонта,3 или более,Оригинал,Растаможен,https://auto.ru/cars/used/sale/kia/cerato/1096441130-9ac4203c/
Kia Cerato III Рестайлинг (Classic),1200000,2018,37000,седан,белый,2.0,150,Бензин,3150,автоматическая,Левый,Не требует ремонта,2 владельца,Оригинал,Растаможен,https://auto.ru/cars/used/sale/kia/cerato/1103403677-cd143176/
Kia Cerato II,670000,2011,166000,купе,красный,2.0,150,Бензин,5100,автоматическая,Левый,Не требует ремонта,3 или более,Оригинал,Растаможен,https://auto.ru/cars/used/sale/kia/cerato/1101159704-b843ee2c/
Kia Cerato III,650000,2016,230000,седан,белый,1.6,130,Бензин,4420,механическая,Левый,Не требует ремонта,2 владельца,Оригинал,Растаможен,https://auto.ru/cars/used/sale/kia/cerato/1103600631-7daaf4e1/
Kia Cerato III,700000,2013,165000,седан,серебристый,1.6,130,Бензин,4420,автоматическая,Левый,Не требует ремонта,3 или более,Оригинал,Растаможен,https://auto.ru/cars/used/sale/kia/cerato/1103058148-bdeb86e2/
Kia Cerato III Рестайлинг (Classic),1049000,2018,61675,седан,белый,2.0,150,Бензин,5100,автоматическая,Левый,Не требует ремонта,1 владелец,Оригинал,Растаможен,https://auto.ru/cars/used/sale/kia/cerato/1102974827-e8113edc/
Kia Cerato III Рестайлинг (Classic),1000000,2016,40000,седан,чёрный,1.6,130,Бензин,3250,автоматическая,Левый,Не требует ремонта,2 владельца,Оригинал,Растаможен,https://auto.ru/cars/used/sale/kia/cerato/1097483744-d7687f34/
Kia Cerato II,550000,2010,190000,седан,пурпурный,2.0,156,Бензин,7644,автоматическая,Левый,Не требует ремонта,2 владельца,Оригинал,Растаможен,https://auto.ru/cars/used/sale/kia/cerato/1056189978-f3db/
Kia Cerato I,215000,2007,185000,седан,красный,1.6,122,Бензин,4148,механическая,Левый,Не требует ремонта,3 или более,Дубликат,Растаможен,https://auto.ru/cars/used/sale/kia/cerato/1103610907-d5208af9/
Kia Cerato III Рестайлинг (Classic),1165000,2019,35000,седан,белый,1.6,130,Бензин,4420,автоматическая,Левый,Не требует ремонта,1 владелец,Оригинал,Растаможен,https://auto.ru/cars/used/sale/kia/cerato/1103176910-c6e9e6aa/
Kia Cerato II,595000,2013,172000,седан,чёрный,1.6,126,Бензин,4284,механическая,Левый,Не требует ремонта,2 владельца,Оригинал,Растаможен,https://auto.ru/cars/used/sale/kia/cerato/1103710831-58f4cebb/
Kia Cerato III,620000,2013,200000,седан,коричневый,1.6,130,Бензин,3250,механическая,Левый,Не требует ремонта,3 или более,Оригинал,Растаможен,https://auto.ru/cars/used/sale/kia/cerato/1103121177-da85497a/
Kia Cerato II,529000,2012,150000,седан,белый,1.6,126,Бензин,4284,механическая,Левый,Не требует ремонта,3 или более,Оригинал,Растаможен,https://auto.ru/cars/used/sale/kia/cerato/1103013842-1fc415d5/
Kia Cerato III,810000,2015,140000,седан,белый,1.6,130,"Бензин, газобаллонное оборудование",4420,автоматическая,Левый,Не требует ремонта,2 владельца,Оригинал,Растаможен,https://auto.ru/cars/used/sale/kia/cerato/1103123164-65172844/
Kia Cerato III,850000,2015,125000,седан,белый,1.6,130,Бензин,4420,автоматическая,Левый,Не требует ремонта,2 владельца,Оригинал,Растаможен,https://auto.ru/cars/used/sale/kia/cerato/1103691231-af424b92/
Kia Cerato III Рестайлинг (Classic),1150000,2018,93000,седан,серый,2.0,150,Бензин,5100,автоматическая,Левый,Не требует ремонта,1 владелец,Оригинал,Растаможен,https://auto.ru/cars/used/sale/kia/cerato/1103182502-d87d4233/
Kia Cerato III Рестайлинг (Classic),1155000,2017,80000,седан,белый,2.0,150,Бензин,4500,автоматическая,Левый,Не требует ремонта,1 владелец,Оригинал,Растаможен,https://auto.ru/cars/used/sale/kia/cerato/1102450630-f6088fc5/
Kia Cerato II,460000,2010,159900,седан,чёрный,1.6,126,Бензин,2520,механическая,Левый,Не требует ремонта,3 или более,Дубликат,Растаможен,https://auto.ru/cars/used/sale/kia/cerato/1096389000-6ee1a045/
Kia Cerato III Рестайлинг (Classic),1310000,2018,29120,седан,белый,2.0,150,Бензин,5100,автоматическая,Левый,Не требует ремонта,1 владелец,Оригинал,Растаможен,https://auto.ru/cars/used/sale/kia/cerato/1103354188-363d6e49/
Kia Cerato I Рестайлинг,305000,2006,200000,седан,серебристый,1.6,122,Бензин,4148,механическая,Левый,Не требует ремонта,3 или более,Дубликат,Растаможен,https://auto.ru/cars/used/sale/kia/cerato/1103701597-283f207b/
Kia Cerato III Рестайлинг (Classic),1300000,2019,33000,седан,белый,2.0,150,Бензин,5100,автоматическая,Левый,Не требует ремонта,1 владелец,Оригинал,Растаможен,https://auto.ru/cars/used/sale/kia/cerato/1103398703-a3d8dc34/
Kia Cerato III Рестайлинг (Classic),1100000,2018,41000,седан,белый,1.6,130,Бензин,4420,автоматическая,Левый,Не требует ремонта,2 владельца,Оригинал,Растаможен,https://auto.ru/cars/used/sale/kia/cerato/1103682817-755a6914/
Kia Cerato II,595000,2009,157000,седан,серый,1.6,126,Бензин,3150,автоматическая,Левый,Не требует ремонта,2 владельца,Оригинал,Растаможен,https://auto.ru/cars/used/sale/kia/cerato/1103567318-22d2af03/
Kia Cerato I Рестайлинг,330000,2007,275000,седан,золотистый,1.6,122,Бензин,4148,автоматическая,Левый,Не требует ремонта,3 или более,Оригинал,Растаможен,https://auto.ru/cars/used/sale/kia/cerato/1103736906-3023f2cf/
Kia Cerato II,550000,2011,262000,седан,серый,1.6,126,Бензин,4284,автоматическая,Левый,Не требует ремонта,3 или более,Дубликат,Растаможен,https://auto.ru/cars/used/sale/kia/cerato/1103486382-afac3193/
Kia Cerato III Рестайлинг (Classic),1350000,2019,20000,седан,синий,1.6,130,Бензин,4420,автоматическая,Левый,Не требует ремонта,1 владелец,Оригинал,Растаможен,https://auto.ru/cars/used/sale/kia/cerato/1103655416-9b9daa77/
Kia Cerato III,950000,2016,160000,седан,белый,2.0,150,Бензин,5100,автоматическая,Левый,Не требует ремонта,3 или более,Оригинал,Растаможен,https://auto.ru/cars/used/sale/kia/cerato/1102849869-197139e5/
Kia Cerato II,570000,2011,170000,седан,чёрный,1.6,126,Бензин,3780,автоматическая,Левый,Не требует ремонта,3 или более,Дубликат,Растаможен,https://auto.ru/cars/used/sale/kia/cerato/1099004028-e90fb3af/
Kia Cerato II,600000,2010,175435,седан,золотистый,2.0,156,Бензин,7644,автоматическая,Левый,Не требует ремонта,3 или более,Дубликат,Растаможен,https://auto.ru/cars/used/sale/kia/cerato/1103217606-33b2e2ea/
Kia Cerato I Рестайлинг,370000,2007,154500,седан,пурпурный,1.6,122,Бензин,4148,механическая,Левый,Не требует ремонта,3 или более,Оригинал,Растаможен,https://auto.ru/cars/used/sale/kia/cerato/1103652981-f111d55b/
Kia Cerato III,770000,2013,180000,седан,серебристый,1.6,130,Бензин,4420,автоматическая,Левый,Не требует ремонта,3 или более,Оригинал,Растаможен,https://auto.ru/cars/used/sale/kia/cerato/1103141610-531e683e/
Kia Cerato III,700000,2015,195000,седан,серый,1.6,130,Бензин,4420,механическая,Левый,Не требует ремонта,1 владелец,Оригинал,Растаможен,https://auto.ru/cars/used/sale/kia/cerato/1102770806-fdc9f134/
Kia Cerato II,520000,2010,340000,седан,красный,1.6,126,Бензин,3780,механическая,Левый,Не требует ремонта,2 владельца,Оригинал,Растаможен,https://auto.ru/cars/used/sale/kia/cerato/1103375054-ee78eb08/
Kia Cerato III Рестайлинг (Classic),888000,2018,184000,седан,белый,1.6,130,"Бензин, газобаллонное оборудование",4420,автоматическая,Левый,Не требует ремонта,2 владельца,Оригинал,Растаможен,https://auto.ru/cars/used/sale/kia/cerato/1103324922-929bd3b7/
Kia Cerato III Рестайлинг (Classic),1150000,2018,253000,седан,белый,2.0,150,"Бензин, газобаллонное оборудование",5100,автоматическая,Левый,Не требует ремонта,1 владелец,Оригинал,Растаможен,https://auto.ru/cars/used/sale/kia/cerato/1089419734-2ff61e6d/
Kia Cerato I,300000,2005,297300,хэтчбек 5 дв.,серый,1.6,105,Бензин,3150,механическая,Левый,Не требует ремонта,3 или более,Оригинал,Растаможен,https://auto.ru/cars/used/sale/kia/cerato/1100712750-d84ccc2d/
Kia Cerato III Рестайлинг (Classic),999999,2019,87000,седан,жёлтый,2.0,150,"Бензин, газобаллонное оборудование",5250,автоматическая,Левый,Не требует ремонта,1 владелец,Оригинал,Растаможен,https://auto.ru/cars/used/sale/kia/cerato/1103354456-b24a40b1/
Kia Cerato I Рестайлинг,400000,2007,178990,седан,серебристый,1.6,122,Бензин,3050,механическая,Левый,Не требует ремонта,2 владельца,Оригинал,Растаможен,https://auto.ru/cars/used/sale/kia/cerato/1103159162-cdee609c/
Kia Cerato II,380000,2010,198000,седан,белый,1.6,126,Бензин,4284,механическая,Левый,Не требует ремонта,3 или более,Оригинал,Растаможен,https://auto.ru/cars/used/sale/kia/cerato/1103595725-da1a842c/
Kia Cerato I,215000,2005,185000,седан,красный,1.6,105,Бензин,2205,механическая,Левый,Не требует ремонта,3 или более,Оригинал,Растаможен,https://auto.ru/cars/used/sale/kia/cerato/1102613515-c6edb276/
Kia Cerato III,700000,2016,215000,седан,коричневый,1.6,130,Бензин,4420,механическая,Левый,Не требует ремонта,2 владельца,Оригинал,Растаможен,https://auto.ru/cars/used/sale/kia/cerato/1103625383-31296d89/
Kia Cerato II,495000,2011,255700,седан,синий,1.6,126,Бензин,3150,автоматическая,Левый,Не требует ремонта,2 владельца,Оригинал,Растаможен,https://auto.ru/cars/used/sale/kia/cerato/1103691490-7780fcee/
